44 55 -1.863354
54 61 -1.863354
29 37 -1.567398
44 56 -1.490683
54 62 -1.490683
9 12 -1.265823
29 38 -1.253918
44 57 -1.118012
54 63 -1.118012
15 31 -1.05
16 32 -1.05
17 33 -1.05
18 34 -1.05
19 35 -1.05
24 31 -1.05
25 32 -1.05
26 33 -1.05
27 34 -1.05
28 35 -1.05
9 13 -1.012658
10 20 -1
11 21 -1
12 22 -1
13 23 -1
14 24 -1
30 49 -0.9722222
31 50 -0.9722222
32 51 -0.9722222
33 52 -0.9722222
34 53 -0.9722222
39 49 -0.9722222
40 50 -0.9722222
41 51 -0.9722222
42 52 -0.9722222
43 53 -0.9722222
35 25 -0.9583187
36 26 -0.9583187
37 27 -0.9583187
38 28 -0.9583187
49 55 -0.9444444
50 56 -0.9444444
51 57 -0.9444444
52 58 -0.9444444
53 59 -0.9444444
29 39 -0.9404389
20 1 -0.9159533
21 2 -0.9159533
22 3 -0.9159533
23 4 -0.9159533
0 7 -0.8341818
1 8 -0.8341818
2 9 -0.8341818
3 10 -0.8341818
45 43 -0.8242248
46 44 -0.8242248
47 45 -0.8242248
48 46 -0.8242248
4 1 -0.8
5 2 -0.8
6 3 -0.8
7 4 -0.8
8 5 -0.8
